[array([[   0.   ,  171.13 ,    9.469, ...,    0.973,  -10.64 ,   -7.228],
       [   5.952,   58.337,   -9.347, ...,   19.718,   -3.724,  -13.837],
       [  14.366,   11.654,   -2.661, ...,   37.549,   23.565,   -2.136],
       ...,
       [  49.925,   63.653,    3.173, ...,   16.402,   -6.021,   -9.08 ],
       [  50.368,   64.973,   -0.426, ...,   12.364,   13.986,   18.95 ],
       [  38.181,   85.384, -120.104, ...,  -28.746, -120.982,   15.571]]), array([[ 8.00000e-03,  1.70986e+02,  9.12600e+00, ...,  1.10500e+00,
        -1.07720e+01, -7.33800e+00],
       [ 1.92190e+01, -1.36131e+02,  3.60200e+00, ...,  1.30855e+02,
        -8.43100e+00,  3.10100e+00],
       [ 2.45050e+01, -1.99588e+02, -1.46620e+01, ..., -1.27050e+01,
        -2.18400e+00,  1.42270e+01],
       ...,
       [ 2.85080e+01, -1.07308e+02,  2.03240e+01, ..., -4.89500e+00,
         2.76600e+00,  8.34800e+00],
       [ 2.53320e+01, -1.02987e+02,  2.74190e+01, ..., -1.03360e+01,
        -1.62840e+01, -9.92900e+00],
       [ 1.26090e+01,  1.97100e+00, -3.91960e+01, ..., -1.59340e+01,
        -2.93360e+01, -1.86230e+01]]), array([[   1.337,  145.247,  -43.274, ...,   16.283,  -13.174,  -10.165],
       [  13.49 ,    7.197,   43.812, ...,   57.975,  -64.084,  -50.61 ],
       [  25.896,  -38.145,   63.369, ...,    9.636,   -8.937,   -3.366],
       ...,
       [  30.618,  -67.441,   41.009, ...,   10.285,  -31.28 ,    5.981],
       [  26.125, -104.127,  -29.724, ...,   -6.453,  -52.09 ,   16.552],
       [  10.963,   42.125,  -74.71 , ...,  -15.392,  -24.983,   -1.577]]), array([[  14.832,  -56.33 ,   69.981, ...,   92.933,   29.739,   20.626],
       [  44.727,   82.569,   70.572, ...,   -3.818,   79.091,  -28.539],
       [  48.345,  106.749,   81.184, ...,    7.589,  -10.59 ,    9.854],
       ...,
       [  52.419,   31.831,   27.967, ...,    4.142,   -5.034,   -3.913],
       [  52.464,   37.372,   28.966, ...,   10.352,   -8.673,   -1.776],
       [  31.694,   89.762, -141.875, ...,  -61.625,  -46.615,  -11.549]]), array([[ 10.095,  38.901,  84.505, ...,  53.882, -30.045,   7.222],
       [ 23.783, -76.027,  21.854, ...,  -1.378,  -3.715,  10.186],
       [ 27.216, -94.8  ,  31.74 , ...,   3.88 , -26.044, -12.348],
       ...,
       [ 30.995, -89.029,  37.314, ...,   6.589,   0.447,  37.186],
       [ 29.353, -75.048,  30.154, ..., -16.483, -18.034,  16.437],
       [ 16.678, -51.935, -79.439, ...,  11.29 , -67.139,  -5.207]]), array([[ 0.00000e+00,  1.71130e+02,  9.46900e+00, ...,  9.73000e-01,
        -1.06400e+01, -7.22800e+00],
       [ 8.52700e+00,  1.46794e+02,  8.99170e+01, ...,  2.84710e+01,
         5.64230e+01, -1.91240e+01],
       [ 2.64910e+01,  1.05129e+02, -7.48800e+00, ..., -1.44000e-01,
        -4.85210e+01,  5.73800e+00],
       ...,
       [ 4.44500e+00,  1.66043e+02,  8.15510e+01, ...,  2.14880e+01,
        -7.31900e+00, -6.29030e+01],
       [ 6.24200e+00,  1.44631e+02,  1.00590e+02, ...,  1.93520e+01,
        -1.62700e+01, -9.13480e+01],
       [ 3.10600e+00,  1.65016e+02,  4.04660e+01, ...,  8.54000e+00,
        -2.78720e+01, -5.37960e+01]]), array([[  0.   , 171.13 ,   9.469, ...,   0.973, -10.64 ,  -7.228],
       [  2.669, 116.807, -80.569, ...,  18.752, -17.644,  -3.445],
       [ 15.221,  24.984, -65.577, ...,  51.953,  12.262,   7.179],
       ...,
       [ 50.308,  80.182, -16.17 , ...,  24.22 ,   8.262,  18.918],
       [ 50.84 ,  59.56 ,  24.871, ...,  25.894,  -1.891,  34.247],
       [ 46.421,  81.426, -75.097, ...,  -7.862, -84.352,  31.797]]), array([[  0.   , 171.13 ,   9.469, ...,   0.973, -10.64 ,  -7.228],
       [ 16.507,  36.689, 130.931, ...,  64.465,  46.366,  14.118],
       [ 33.246, -55.262, 142.037, ...,  16.461,  12.161,  25.532],
       ...,
       [ 38.525, -16.951, 242.897, ...,  -5.796,  16.029,  38.954],
       [ 37.977, -24.953, 167.566, ..., -28.608, -61.44 ,   7.204],
       [ 21.654,  29.168,  61.741, ..., -19.907, -38.156, -24.977]]), array([[  23.928, -119.362,   33.96 , ...,  135.408,  -28.729,   12.234],
       [  31.859, -216.502,  -10.261, ...,    2.424,  -33.829,   12.218],
       [  30.253, -210.623,  -43.517, ...,   37.156,  -26.036,   23.028],
       ...,
       [  51.311,   37.947,   11.025, ...,   -9.   ,   11.921,    6.81 ],
       [  53.296,   36.938,   47.207, ...,   21.   ,  -16.027,    2.686],
       [  34.757,   57.918, -103.293, ...,  -37.534, -118.744,   17.573]]), array([[ 28.357, -44.341,  35.351, ..., 111.031,  88.872, -14.748],
       [ 40.641,  25.952,  21.136, ..., -22.769,  13.848,  47.432],
       [ 40.49 ,  34.019,  10.819, ..., -33.236,   1.167,  47.568],
       ...,
       [  5.578, 256.564,  -9.921, ...,  -5.638,  -9.102,  31.476],
       [  4.277, 255.126,  18.691, ...,  14.791, -27.167,  26.043],
       [  2.453, 227.169,  -8.54 , ...,   8.615, -16.956,   4.206]]), array([[ 23.453,  44.888, -13.142, ...,  53.168,  44.15 ,  -3.623],
       [ 49.568,  77.931,   4.491, ...,  39.297,  89.09 ,  -7.947],
       [ 52.869,  85.82 ,  10.977, ...,   6.488,   3.722,  11.253],
       ...,
       [ 51.098,  31.346,  33.595, ...,  27.057, -19.588,  23.116],
       [ 50.878,  14.207,  38.999, ...,  21.338,  11.787,  11.006],
       [ 43.902,  58.096, -63.969, ..., -20.138, -79.896,  -1.786]]), array([[   2.572,  112.599,    3.696, ...,   18.658,  -16.905,   -2.696],
       [   8.315,   10.438,  -98.601, ...,    2.527,   -6.479,   -8.028],
       [  18.283, -154.727,   -9.249, ...,   60.481,    0.205,    1.019],
       ...,
       [  52.973,   38.744,   25.638, ...,    0.785,   -8.058,  -15.183],
       [  51.955,   28.34 ,   26.271, ...,   -0.435,    0.321,  -21.488],
       [  52.348,   47.298,   33.279, ...,    8.933,    5.367,  -19.92 ]]), array([[   0.   ,  171.13 ,    9.469, ...,    0.973,  -10.64 ,   -7.228],
       [  42.958,  158.251,  -56.718, ...,   58.198,   78.432,   19.371],
       [  46.079,  186.237,  -60.781, ...,    1.446,  -39.345,   28.697],
       ...,
       [  50.553,   78.397,  -22.751, ...,   20.639,   -7.942,    1.634],
       [  50.866,   55.337,  -21.525, ...,    7.004,   -1.495,   -1.769],
       [  39.573,   73.913, -123.865, ...,  -27.556, -143.732,   17.953]]), array([[   0.   ,  171.13 ,    9.469, ...,    0.973,  -10.64 ,   -7.228],
       [  15.07 ,  -71.593,  -75.287, ...,   90.169,  -57.687,  -18.111],
       [  25.07 , -121.873, -159.74 , ...,  -50.131,  -86.607,   -7.189],
       ...,
       [  31.227,   35.706, -185.176, ...,   -0.266,  -42.464,   23.009],
       [  25.9  , -184.589,  -71.528, ...,   16.118,  -14.886,  -10.794],
       [  24.018,   37.252, -172.017, ...,  -45.279,   -2.027,   -0.984]]), array([[ 4.20000e-02,  1.70271e+02,  8.09400e+00, ...,  1.25900e+00,
        -1.09720e+01, -7.08400e+00],
       [ 2.30110e+01,  4.26340e+01, -3.24870e+01, ...,  6.17890e+01,
        -1.06445e+02,  2.94580e+01],
       [ 4.53620e+01,  5.99780e+01, -1.01605e+02, ...,  1.37320e+01,
         6.12970e+01,  6.62600e+00],
       ...,
       [ 5.29350e+01,  9.14190e+01, -2.53890e+01, ..., -1.18210e+01,
         1.05110e+01,  1.68580e+01],
       [ 5.05180e+01,  8.12170e+01, -8.20700e+00, ...,  9.50000e-01,
         3.65200e+00,  1.60440e+01],
       [ 3.53820e+01,  8.75780e+01, -1.49693e+02, ..., -4.49540e+01,
        -1.24299e+02,  1.96670e+01]]), array([[   0.   ,  171.13 ,    9.469, ...,    0.973,  -10.64 ,   -7.228],
       [  35.286,  111.663,  -64.425, ...,   43.821,  114.36 ,    5.146],
       [  38.173,  111.936, -138.842, ...,  -52.244,  -45.5  ,   18.334],
       ...,
       [   3.033,  158.735,  -28.053, ...,    9.919,  -13.095,   -6.281],
       [   3.157,  164.076,   -8.649, ...,   20.914,    1.478,   -1.735],
       [   0.951,  161.342,  -13.187, ...,    1.101,   -8.406,   -8.288]]), array([[   0.   ,  171.13 ,    9.469, ...,    0.973,  -10.64 ,   -7.228],
       [  26.181,  -80.617,   67.613, ...,   90.996,   57.085,   35.069],
       [  30.116, -134.376,   52.586, ...,   16.11 ,    8.216,  -11.818],
       ...,
       [  35.304,  -77.643,   67.249, ...,  -15.575,    0.803,    6.107],
       [  36.266,  -70.166,   76.391, ...,  -16.892,   12.629,    8.75 ],
       [  21.034,   36.764,  -62.484, ...,  -71.268,   12.06 ,  -10.043]]), array([[  3.735,  85.777, -26.167, ...,  29.959,  -5.626,  10.999],
       [ 11.982,  -3.38 ,  58.152, ...,  21.612,   0.719,  -2.251],
       [ 15.224, -36.965,  74.09 , ...,  -4.504,  -8.851, -12.296],
       ...,
       [ 17.339,  15.022, 145.38 , ...,   8.057,  -9.91 , -23.009],
       [ 14.3  ,  25.73 , 104.229, ...,  -8.048, -27.014, -41.072],
       [  8.154,  70.039,  44.596, ...,  -2.777, -28.049, -20.152]]), array([[  0.   , 171.13 ,   9.469, ...,   0.973, -10.64 ,  -7.228],
       [ 37.868,  37.393, -66.78 , ...,  68.886,  80.891, -24.116],
       [ 45.286, -27.621, -26.107, ...,  33.328,  70.128, -32.885],
       ...,
       [  5.776,  67.707, -25.611, ...,   4.476, -10.21 , -14.153],
       [  6.158,  93.448, -30.467, ...,  10.621,   0.223,  -3.596],
       [  3.592, 128.142, -28.903, ...,  -9.446,   7.264,  -4.676]]), array([[ 1.12000e-01,  1.69284e+02,  8.62000e+00, ...,  9.86000e-01,
        -1.03710e+01, -5.55200e+00],
       [ 3.42100e+00,  1.55379e+02,  4.15810e+01, ...,  9.57500e+00,
        -2.23430e+01,  1.16680e+01],
       [ 2.35240e+01,  4.35740e+01,  1.07015e+02, ...,  7.86370e+01,
        -5.04960e+01,  3.50730e+01],
       ...,
       [ 3.49460e+01,  1.02449e+02, -5.30260e+01, ..., -9.58600e+00,
         1.18310e+01, -1.34450e+01],
       [ 2.72920e+01,  1.74573e+02, -9.72820e+01, ...,  7.31730e+01,
        -6.82200e+01,  2.83090e+01],
       [ 5.11700e+00,  1.14329e+02, -4.92390e+01, ..., -3.00620e+01,
         1.50020e+01, -2.48500e+00]]), array([[  0.   , 171.13 ,   9.469, ...,   0.973, -10.64 ,  -7.228],
       [ 18.684,   2.705, -36.716, ...,  86.069, -43.888,   8.223],
       [ 27.741, -65.052, -68.053, ...,  19.025, -22.742,   2.374],
       ...,
       [ 23.868,  33.19 ,  55.307, ...,  12.491, -20.013,  18.231],
       [ 18.62 ,  30.541,  -3.808, ...,   1.746, -51.23 ,  15.038],
       [  3.952, 107.596, -44.782, ..., -12.466,  10.979,  -2.126]]), array([[  0.   , 171.13 ,   9.469, ...,   0.973, -10.64 ,  -7.228],
       [ 22.884, -10.983, -73.451, ...,  81.243,   7.75 ,   3.197],
       [ 29.189, -69.225, -33.362, ...,   9.825,  28.905,   0.813],
       ...,
       [  1.73 , 135.546,  -4.804, ...,   6.373,  -8.485,  -6.682],
       [  1.058, 150.257, -29.146, ...,   1.041,  -3.959, -10.737],
       [  0.717, 157.418, -19.361, ...,   0.392,  -3.85 ,  -8.969]]), array([[   0.   ,  171.13 ,    9.469, ...,    0.973,  -10.64 ,   -7.228],
       [   7.498,   30.928,  -26.111, ...,   33.542,   -3.895,    3.652],
       [  13.961,  -74.505,  -65.109, ...,    7.06 ,  -16.521,  -23.735],
       ...,
       [  26.572,  -95.07 ,  -23.573, ...,    1.545,    0.401,    4.829],
       [  25.998, -100.603,   -5.366, ...,    3.161,    5.101,   -2.446],
       [  20.207,  -55.837, -103.902, ...,   -1.533,  -47.135,  -20.479]]), array([[   0.   ,  171.13 ,    9.469, ...,    0.973,  -10.64 ,   -7.228],
       [  27.958,  -80.273,  117.237, ...,  125.91 ,  -52.129,   -0.706],
       [  38.534, -194.467,   74.103, ...,   15.604,  -13.469,   -9.747],
       ...,
       [  33.697,  -64.63 ,   20.819, ...,    2.57 ,  -12.097,  -30.454],
       [  32.779,  -66.449,   19.708, ...,    0.361,   -7.414,  -33.79 ],
       [  23.506,   -8.311,  -51.525, ...,   -8.938,  -82.235,   -4.129]]), array([[  0.   , 171.13 ,   9.469, ...,   0.973, -10.64 ,  -7.228],
       [ 21.493, 248.349, -45.19 , ...,  26.319, -17.758,   8.623],
       [ 19.35 , 221.782, -22.622, ...,  25.363,  12.073,   4.925],
       ...,
       [ 18.376, 112.447, 152.879, ..., -14.699,   1.668,  14.847],
       [ 15.222, 117.504, 137.26 , ..., -23.704, -12.566,   3.724],
       [  8.284, 149.061,  48.662, ..., -24.576, -23.471,  -4.142]]), array([[  0.   , 171.13 ,   9.469, ...,   0.973, -10.64 ,  -7.228],
       [ 13.189,  74.954, -92.18 , ...,  15.682,  17.334,  32.526],
       [  8.898, 196.124, -82.437, ..., -36.099,  18.019,  28.341],
       ...,
       [  2.686, 143.391,   6.877, ...,   6.454, -15.219, -18.898],
       [  2.971, 128.555, -24.224, ...,  -1.64 ,  -0.642,  -8.055],
       [  1.682, 147.84 ,  -0.227, ...,   5.945, -13.441, -17.56 ]]), array([[   0.   ,  171.13 ,    9.469, ...,    0.973,  -10.64 ,   -7.228],
       [  21.483,  151.476, -130.877, ...,   49.016,   45.947,  -10.741],
       [  31.207,  -18.135,  -68.563, ...,  103.279,   70.204,   18.458],
       ...,
       [   6.007,   88.909,  -54.881, ...,    1.524,    4.444,   -5.05 ],
       [   2.856,  126.507,  -37.454, ...,    0.693,    3.682,  -15.94 ],
       [   0.725,  162.765,  -15.16 , ...,    6.379,   -4.483,  -13.29 ]]), array([[ 37.942, -71.404,  15.693, ...,  57.001,  53.117, -17.072],
       [ 40.568, -42.689,  10.114, ..., -18.765,  -3.402,  -8.667],
       [ 39.052, -42.286,  57.144, ...,   4.685,   5.744,  -0.262],
       ...,
       [ 45.278, 155.351, 243.731, ...,  12.463,  -2.931, -24.83 ],
       [ 45.49 , 154.135, 237.552, ...,  10.528,  -7.594, -23.599],
       [ 44.773, 120.469, 226.809, ...,  24.355, -16.72 , -19.145]]), array([[ 3.65840e+01,  1.53790e+01,  5.58030e+01, ...,  1.03446e+02,
         4.01800e+01, -2.51040e+01],
       [ 5.24130e+01,  2.72190e+01,  3.65800e+00, ...,  3.64410e+01,
        -6.88200e+00, -1.91810e+01],
       [ 5.38920e+01, -2.42150e+01,  1.49290e+01, ...,  3.85500e+00,
        -1.65580e+01, -5.66600e+00],
       ...,
       [ 4.80410e+01, -6.22000e-01, -5.58410e+01, ...,  3.69700e+00,
        -1.33020e+01, -2.10890e+01],
       [ 4.31530e+01, -6.80450e+01, -4.17700e+01, ..., -6.66000e-01,
        -3.92910e+01, -1.72440e+01],
       [ 2.87470e+01, -1.53045e+02, -5.07200e+01, ..., -5.24700e+00,
        -5.57080e+01, -5.00000e-02]]), array([[   0.   ,  171.13 ,    9.469, ...,    0.973,  -10.64 ,   -7.228],
       [   8.58 ,   39.628,   18.548, ...,   35.245,    5.944,  -16.107],
       [  16.737,   -1.062,   40.217, ...,   -0.233,    0.497,  -14.284],
       ...,
       [  53.125,   15.189,   59.896, ...,   -5.866,   -4.028,   -9.918],
       [  52.723,    4.265,    4.106, ...,   25.195,    0.62 ,  -14.255],
       [  35.446,   -9.173, -213.325, ...,  -43.492,  -45.814,    4.819]]), array([[   8.469,    7.028,   -1.75 , ...,   60.603,  -17.459,   18.815],
       [  15.947, -108.771,  -10.478, ...,  -18.288,   22.953,   20.901],
       [  18.364,  -81.841,   46.211, ...,  -23.952,   23.892,   10.148],
       ...,
       [  48.779,   47.119,    5.444, ...,    9.712,   20.703,    4.796],
       [  51.655,   50.943,  -21.559, ...,   28.161,   -8.266,   18.164],
       [  34.209,   14.862, -165.633, ...,  -31.107,  -81.005,    8.956]]), array([[   0.229,  166.197,    5.566, ...,    1.08 ,   -9.858,   -6.489],
       [  29.856,  -35.74 ,   19.284, ...,   60.329,  105.208,   -0.437],
       [  44.644,    3.038,  -31.874, ...,  -22.753,  -40.993,   -2.749],
       ...,
       [  55.808,   53.598,   42.499, ...,   -2.078,   -4.41 ,    6.126],
       [  55.187,   52.591,   48.944, ...,    0.924,    5.456,   10.154],
       [  35.573,   91.802, -106.228, ...,  -38.988, -114.441,   13.002]]), array([[  0.   , 171.13 ,   9.469, ...,   0.973, -10.64 ,  -7.228],
       [ 35.669, 141.21 ,  71.726, ...,  56.427,  79.759, -14.662],
       [ 40.52 , 150.751,  82.993, ...,   6.317, -17.611,  -2.353],
       ...,
       [ 14.697,  63.019,  67.27 , ...,  12.283, -15.618, -37.517],
       [ 14.479, 122.511,  10.557, ..., -14.288, -21.262, -33.347],
       [  6.489, 160.797, -10.787, ...,   3.281,   6.184, -24.75 ]]), array([[   0.   ,  171.13 ,    9.469, ...,    0.973,  -10.64 ,   -7.228],
       [  38.535,  120.797,  -50.988, ...,   -8.131,   79.781,  -14.035],
       [  34.911,  315.928,   13.889, ...,   22.748,  -11.586,   -2.008],
       ...,
       [  47.205,   58.417,   15.972, ...,   -9.524,    3.726,    6.048],
       [  45.404,   49.778,   30.825, ...,  -11.422,   -9.061,   24.071],
       [  36.813,   29.452, -120.905, ...,  -26.469,  -71.633,    1.054]]), array([[   6.056,  135.202,   66.207, ...,    7.033,  105.183,  -17.551],
       [  44.091,  -56.319,  -28.107, ...,  -35.847,    0.18 ,    6.986],
       [  40.134, -171.69 ,   24.537, ...,   30.651,   20.264,   24.861],
       ...,
       [   5.21 ,  109.941,   -5.24 , ...,    2.405,   -4.499,   -9.539],
       [   1.671,  136.498,  -16.001, ...,   12.996,  -10.293,  -18.631],
       [   1.489,  160.18 ,   20.382, ...,   -7.022,   -6.59 ,  -15.316]]), array([[   0.   ,  171.13 ,    9.469, ...,    0.973,  -10.64 ,   -7.228],
       [  30.33 ,   59.416, -206.987, ...,   70.331,   32.297,   32.354],
       [  15.449,  122.679, -253.666, ...,  -66.234,   15.825,   28.719],
       ...,
       [   5.612,  101.297,    3.917, ...,   -6.007,    0.493,    2.449],
       [   4.042,  106.986,  -83.131, ...,    6.506,    4.642,  -10.956],
       [   2.92 ,  140.809,  -31.155, ...,   13.666,    8.833,  -19.079]]), array([[  18.188,  -14.952,  135.55 , ...,   98.78 ,  -14.136,   17.794],
       [  30.865, -123.339,  114.007, ...,   -1.432,   21.237,   19.942],
       [  32.041, -132.629,  103.482, ...,    5.515,    6.406,   17.04 ],
       ...,
       [  35.741, -162.871,   10.707, ...,   20.121,   -3.638,   -9.946],
       [  36.923, -191.565,   66.322, ...,   -2.326,  -10.962,   21.639],
       [  22.506, -106.388,  -13.824, ...,  -27.039,  -55.222,   11.549]]), array([[  0.   , 171.13 ,   9.469, ...,   0.973, -10.64 ,  -7.228],
       [ 19.478,   9.321, -59.429, ...,  34.418,   1.233,   5.412],
       [ 31.848,  84.826, -47.826, ...,  74.727,  16.172, -20.463],
       ...,
       [ 49.461,  52.207, -39.499, ...,   4.415, -13.295,  -7.822],
       [ 50.223,  60.914,  -8.197, ...,  -6.523,   6.143,  23.615],
       [ 36.87 ,  -3.594, -79.482, ..., -34.507, -62.546,  39.55 ]]), array([[   0.   ,  171.13 ,    9.469, ...,    0.973,  -10.64 ,   -7.228],
       [  20.187,  -11.957,  -12.777, ...,   45.913,  -64.22 ,   30.579],
       [  38.14 ,  -34.265,  -17.691, ...,   25.721,   41.117,   29.582],
       ...,
       [  11.399,  -77.04 , -161.972, ...,   17.429,  -14.521,  -40.807],
       [  10.753,  -61.441, -163.672, ...,   19.624,  -14.912,  -48.349],
       [   7.926,   -0.404, -145.739, ...,    5.455,  -13.908,  -38.444]]), array([[ 3.00000e-03,  1.71065e+02,  9.36600e+00, ...,  9.93000e-01,
        -1.06670e+01, -7.21100e+00],
       [ 1.95850e+01,  8.73260e+01,  1.17027e+02, ...,  5.92700e+01,
        -4.35830e+01,  9.53600e+00],
       [ 3.61910e+01,  3.44100e+01,  3.26330e+01, ...,  8.54000e+00,
        -2.11910e+01,  1.01310e+01],
       ...,
       [ 3.53260e+01,  9.68140e+01,  2.59670e+01, ..., -3.72500e+00,
        -2.81630e+01,  4.07800e+00],
       [ 3.33360e+01,  1.05100e+01,  4.79440e+01, ...,  3.47660e+01,
        -5.12100e+00, -1.13010e+01],
       [ 2.17580e+01,  1.03468e+02, -1.05661e+02, ..., -4.62750e+01,
        -1.25010e+01, -1.17410e+01]]), array([[ 28.879,  95.036, 169.616, ...,  39.705,  61.753, -28.47 ],
       [ 33.142,  95.298, 167.948, ...,   1.822,  -5.344, -18.585],
       [ 34.572, -32.391,  19.596, ...,  32.025,  25.368,  12.515],
       ...,
       [ 39.321, 102.716, 197.252, ...,   7.507, -14.487, -21.873],
       [ 36.836, 119.795, 168.33 , ...,  -8.708, -20.799, -16.285],
       [ 36.795, 140.919, 170.833, ..., -12.496,   4.734,  -5.073]]), array([[  20.856,   86.025,  164.077, ...,   80.449,  -26.684,    6.226],
       [  43.911,  -22.512,   35.405, ...,    3.176,  -10.903,    0.635],
       [  43.559,  -28.705,   44.013, ...,    2.204,   -7.545,   -7.854],
       ...,
       [  34.225,   43.009,  -86.393, ...,  -26.207, -115.035,   14.799],
       [   1.873,  135.204,  -64.855, ...,   16.509,  -13.417,  -13.07 ],
       [   5.247,   52.871,  -72.737, ...,   22.732,   -7.479,   -3.237]]), array([[ 31.136,  22.7  , 163.571, ...,  30.114,  43.901,   6.857],
       [ 33.697, -24.145, 128.898, ...,  13.775,   8.369,  23.327],
       [ 35.699, -69.391,  86.903, ...,   8.531,   9.799,  13.884],
       ...,
       [ 30.068, -29.64 , 141.303, ...,  17.676,   7.914,  22.248],
       [ 31.421,  24.614, 130.153, ...,  -2.178,   8.999,  22.054],
       [ 32.075,  33.259, 110.656, ...,  -1.87 ,   1.812,  20.703]]), array([[  0.   , 171.13 ,   9.469, ...,   0.973, -10.64 ,  -7.228],
       [ 36.67 , -59.729, -41.422, ...,   0.337,  -2.18 ,  -2.557],
       [ 41.613,  -8.526, -55.405, ..., -22.193,  10.261, -13.462],
       ...,
       [ 12.606,  46.677,   0.847, ...,  19.779,  13.635, -22.528],
       [  9.553,  57.471,  13.657, ...,  15.885, -20.775, -10.903],
       [  4.409, 112.922,   7.911, ...,   1.145, -18.192, -12.244]]), array([[  31.775,  129.988, -121.649, ...,  -19.009,   -6.23 ,    1.269],
       [  25.598,   95.495,  -56.965, ...,   30.386,  -42.581,   -6.06 ],
       [  28.427,   91.701,  -65.76 , ...,   62.27 ,    5.8  ,   -8.46 ],
       ...,
       [  39.818,  123.312,  -93.839, ...,  -10.025,   -2.317,   15.327],
       [  41.35 ,  108.83 ,  -92.548, ...,  -28.087,  -25.008,   30.657],
       [  37.599,   94.739, -101.936, ...,   15.305,   21.707,   18.063]]), array([[  6.468,  92.211,  46.754, ...,  28.788,  15.807,  -0.195],
       [ 20.175, -15.164,   8.901, ...,  55.911, -49.418,  12.258],
       [ 19.798,  97.352, -14.104, ...,  16.707,  30.673,   6.022],
       ...,
       [ 38.052, -22.044, 118.033, ...,  -9.297, -72.208,   6.924],
       [ 24.445, -22.68 , 133.388, ..., -44.454, -13.005, -35.996],
       [ 18.066,  49.779,  80.848, ...,  11.694, -29.541, -18.535]]), array([[  0.   , 171.13 ,   9.469, ...,   0.973, -10.64 ,  -7.228],
       [ 31.554,  30.309, -55.764, ...,  75.084,   1.08 , -10.872],
       [ 37.165,  73.069,  29.639, ...,  34.703, -38.118, -18.802],
       ...,
       [  9.214,  79.326, -22.368, ...,   8.072,   2.02 ,  -9.628],
       [  4.435, 125.152, -17.277, ...,  10.496, -14.327, -25.269],
       [  0.864, 153.201,  -2.467, ...,   8.141,  -4.541, -13.974]]), array([[  0.332, 174.335,  12.512, ...,   2.705, -10.596,  -6.026],
       [ 20.203, 159.672,  82.038, ...,  61.563, -71.883,  22.99 ],
       [ 40.787,   9.436, -67.36 , ...,  51.942,  49.35 ,  22.66 ],
       ...,
       [ 18.262, -10.311, -33.372, ..., -22.22 ,  -3.337,  35.92 ],
       [ 14.988,  17.036,   4.453, ...,  18.163, -28.701, -20.465],
       [  6.073, 102.12 , -17.824, ...,   3.632, -18.461,   0.851]]), array([[  0.   , 171.13 ,   9.469, ...,   0.973, -10.64 ,  -7.228],
       [ 17.994,  16.072,  30.03 , ...,  74.76 ,  51.776, -14.381],
       [ 23.85 ,  67.205,  26.689, ...,  26.46 ,   2.693,  -0.283],
       ...,
       [ 41.627,  80.704, 107.939, ...,  -6.371,  -3.356,  25.795],
       [ 35.766,  95.701,  92.027, ...,   0.646,  29.552,   4.23 ],
       [ 28.075, 103.614,   5.717, ..., -21.724, -80.983,   3.593]]), array([[ 9.50000e-02,  1.69557e+02,  5.06700e+00, ...,  2.75300e+00,
        -1.14370e+01, -8.99800e+00],
       [ 3.58430e+01, -3.07720e+01,  2.29750e+01, ...,  1.55650e+01,
         2.16110e+01, -2.39100e+00],
       [ 4.02770e+01,  1.48650e+01,  1.04021e+02, ..., -2.31040e+01,
         8.19900e+00, -1.75940e+01],
       ...,
       [ 4.19770e+01, -1.03440e+01,  8.01750e+01, ..., -1.22260e+01,
        -7.02400e+00, -1.41230e+01],
       [ 4.18890e+01,  2.36950e+01,  1.08220e+01, ..., -1.97580e+01,
        -4.29250e+01,  1.59070e+01],
       [ 2.56050e+01,  4.68750e+01, -9.83300e+01, ..., -2.40790e+01,
        -5.53050e+01,  3.68200e+00]]), array([[ 8.30000e-02,  1.69529e+02,  6.40300e+00, ...,  1.93400e+00,
        -1.16810e+01, -7.46300e+00],
       [ 2.45420e+01, -4.05630e+01, -6.74210e+01, ...,  9.19000e+01,
         2.57140e+01,  2.00240e+01],
       [ 3.91110e+01, -8.38700e+00,  1.70570e+01, ...,  2.11810e+01,
         1.89190e+01,  1.06730e+01],
       ...,
       [ 7.27200e+00,  1.77480e+01, -1.49463e+02, ...,  3.46700e+00,
         4.18500e+00, -1.60000e+01],
       [ 2.18800e+00,  1.72946e+02, -5.29220e+01, ...,  4.59000e+00,
        -8.79800e+00, -9.65700e+00],
       [ 8.20000e-01,  1.56452e+02, -2.52480e+01, ..., -7.54000e-01,
        -7.65100e+00, -1.50330e+01]]), array([[   0.   ,  171.13 ,    9.469, ...,    0.973,  -10.64 ,   -7.228],
       [  24.636, -174.5  ,   35.242, ...,   34.54 ,   23.362,  -26.664],
       [  25.675, -178.776,   18.162, ...,    2.134,  -14.833,  -26.038],
       ...,
       [  21.561,   12.909,   94.979, ...,   -8.398,  -10.773,  -39.277],
       [  16.394,   86.07 ,  112.613, ...,  -13.922,  -17.569,  -59.849],
       [   7.104,  177.125,   53.176, ...,   -9.21 ,  -14.42 ,   -6.994]]), array([[  0.   , 171.13 ,   9.469, ...,   0.973, -10.64 ,  -7.228],
       [ 36.332,  44.159, 142.353, ...,  71.956,  46.537,   5.75 ],
       [ 46.119,  89.596, 103.017, ..., -33.322, -15.953,  48.514],
       ...,
       [ 24.139, -84.966, 141.444, ..., -13.494,  -8.289,  33.649],
       [ 17.794, -64.543, 112.827, ..., -19.862,   1.137,  15.354],
       [ 11.315,   9.257,  52.43 , ..., -18.585, -23.543,  -7.993]]), array([[   0.   ,  171.13 ,    9.469, ...,    0.973,  -10.64 ,   -7.228],
       [  31.942,   50.852,  -61.558, ...,   69.129,   63.942,  -28.817],
       [  48.399,   44.727,    8.249, ...,   27.107,   13.251,    7.72 ],
       ...,
       [  48.824,   -8.108,   82.664, ...,    9.462,   -3.438,    3.964],
       [  47.458,  -28.05 ,   67.694, ...,  -21.696,   10.304,  -16.965],
       [  35.091,  -41.269, -121.67 , ...,  -39.401, -121.087,    9.244]]), array([[  21.979,   22.152,   20.974, ...,   81.591, -150.22 ,   23.628],
       [  27.702,  -60.122,  -94.766, ...,   22.748,  -53.153,   14.782],
       [  40.655,   79.424,   52.202, ...,   16.269,   13.072,  -17.37 ],
       ...,
       [  38.16 , -147.105,   70.661, ...,   -3.36 ,   12.33 ,   13.681],
       [  38.084, -129.172,   38.967, ...,  -15.799,  -25.394,   25.605],
       [  19.662, -119.56 ,  -28.214, ...,  -16.35 ,  -29.371,   20.206]]), array([[ 0.00000e+00,  1.71130e+02,  9.46900e+00, ...,  9.73000e-01,
        -1.06400e+01, -7.22800e+00],
       [ 3.54420e+01,  9.82390e+01,  2.94030e+01, ...,  4.14810e+01,
         7.70570e+01, -1.59000e-01],
       [ 3.94020e+01,  9.78420e+01,  3.24740e+01, ...,  5.68200e+00,
         2.73010e+01, -7.94000e+00],
       ...,
       [ 2.56370e+01, -8.60900e+00, -5.16660e+01, ...,  1.98390e+01,
        -9.87300e+00,  1.00180e+01],
       [ 1.69020e+01,  2.78370e+01, -1.12061e+02, ...,  1.56290e+01,
        -4.79000e+00,  2.30020e+01],
       [ 1.52020e+01,  2.75000e+01, -5.16740e+01, ...,  1.26660e+01,
        -1.59730e+01, -6.24900e+00]]), array([[   0.   ,  171.13 ,    9.469, ...,    0.973,  -10.64 ,   -7.228],
       [  21.119,  -49.871, -114.473, ...,   84.615,   49.246,   38.402],
       [  26.444, -130.753,  -72.543, ...,   24.652,   15.226,  -19.28 ],
       ...,
       [  37.58 ,  -77.368,  -87.379, ...,  -33.483,  -18.018,    3.868],
       [  35.229,  -81.821,  -54.833, ...,  -39.472,  -35.509,    6.28 ],
       [  23.413,  -48.009, -144.591, ...,  -33.938,  -27.6  ,    7.248]]), array([[  0.   , 171.13 ,   9.469, ...,   0.973, -10.64 ,  -7.228],
       [ 36.991,  62.546,  70.122, ...,  71.297,  81.317, -20.619],
       [ 48.978,  35.874,  33.869, ...,  -4.353,  -1.61 ,   0.68 ],
       ...,
       [ 46.905,  38.065,  -2.014, ...,   3.05 ,  30.139,   9.115],
       [ 43.522,  56.728, 207.481, ...,   4.883, -10.083, -12.138],
       [ 33.194, 103.297, 160.984, ...,   0.432, -80.756,  -3.29 ]]), array([[  9.588,  52.412,  31.653, ...,  59.244,   1.534, -11.595],
       [ 15.64 ,  -3.854,  32.064, ...,  -0.922,   3.3  ,  -4.278],
       [ 15.847, -16.216,   7.762, ...,  -5.102, -13.73 ,   5.489],
       ...,
       [ 16.658,  52.668,  52.238, ...,   6.171,  -7.317,  46.422],
       [ 15.83 ,  56.771,  55.628, ...,   3.601,   8.568,  36.077],
       [ 15.233,  54.48 ,  50.475, ...,   2.361,   1.763,  28.325]]), array([[   0.   ,  171.13 ,    9.469, ...,    0.973,  -10.64 ,   -7.228],
       [  10.058,   16.412,   -1.044, ...,   52.027,   22.42 ,   -1.343],
       [  32.599, -136.675,  -26.514, ...,  -14.118,   -2.561,   -4.731],
       ...,
       [  53.604,  -19.427,    8.979, ...,    2.419,   -2.691,    3.205],
       [  50.863,  -49.037,   22.192, ...,    5.81 ,  -18.848,   -2.353],
       [  40.89 ,   61.279, -132.835, ...,  -76.677, -134.136,   -7.146]]), array([[   0.   ,  171.13 ,    9.469, ...,    0.973,  -10.64 ,   -7.228],
       [  32.996,   46.561,  167.829, ...,   41.19 ,   31.081,    4.812],
       [  35.823,   64.498,  184.993, ...,   -5.381,   14.037,   -3.67 ],
       ...,
       [  13.253,  -27.526,  -80.034, ...,  -14.943,  -18.146,  -27.533],
       [  28.728,   26.706,    5.468, ...,   37.61 ,   -9.796,   19.852],
       [  19.161,   88.37 , -115.032, ...,  -60.136,   40.975,   -8.302]]), array([[  0.   , 171.13 ,   9.469, ...,   0.973, -10.64 ,  -7.228],
       [ 33.306, -22.781, -43.143, ...,  57.807,   6.587,  12.12 ],
       [ 41.539,  -1.974, -76.897, ..., -14.246,  -8.665,  16.776],
       ...,
       [ 15.467,  25.839, -67.014, ...,   6.006, -13.796,   6.727],
       [  8.89 ,  44.574, -39.818, ...,   2.615, -14.044, -53.908],
       [  6.072,  86.225, -61.727, ...,   8.007,   0.976, -26.784]]), array([[   0.   ,  171.13 ,    9.469, ...,    0.973,  -10.64 ,   -7.228],
       [  11.184,   96.651,  -19.532, ...,   15.417,    2.862,   14.288],
       [   7.041,  150.735,   34.317, ...,   21.5  ,    5.338,   11.522],
       ...,
       [  33.815,   82.134,  -65.691, ...,  -29.359, -128.526,   19.623],
       [  16.319,  -29.707,  -28.635, ...,   60.393,   19.432,   35.01 ],
       [  13.369,   45.419,  -47.096, ...,  -26.916,   15.28 ,    0.225]]), array([[ 0.00000e+00,  1.71130e+02,  9.46900e+00, ...,  9.73000e-01,
        -1.06400e+01, -7.22800e+00],
       [ 3.04390e+01,  4.52540e+01,  4.91460e+01, ...,  4.07750e+01,
         5.76420e+01,  3.87100e+00],
       [ 3.22500e+01, -9.30770e+01,  5.01060e+01, ...,  2.23510e+01,
         2.79780e+01, -2.18830e+01],
       ...,
       [ 3.65230e+01, -1.78390e+02,  4.15450e+01, ...,  8.60000e-02,
         8.44300e+00, -1.14410e+01],
       [ 3.62230e+01, -1.76444e+02,  6.57430e+01, ..., -1.52000e+00,
         1.39300e+00, -1.69650e+01],
       [ 2.58240e+01, -1.11719e+02, -7.59150e+01, ..., -1.61010e+01,
        -6.30630e+01, -2.40950e+01]]), array([[ 1.60000e-02,  1.70890e+02,  9.85600e+00, ...,  9.35000e-01,
        -1.02830e+01, -6.84300e+00],
       [ 2.22700e+00,  1.26058e+02,  9.74000e-01, ...,  2.86300e+00,
        -5.16500e+00, -1.86050e+01],
       [ 3.60100e+00,  1.38439e+02,  1.68810e+01, ...,  1.11130e+01,
        -7.33900e+00,  6.95000e-01],
       ...,
       [ 4.60540e+01, -2.46720e+01,  1.83100e+00, ...,  2.37000e+01,
         1.49500e+00,  1.59500e+00],
       [ 4.32930e+01, -4.49820e+01,  3.28740e+01, ..., -7.57700e+00,
        -1.26380e+01,  1.36900e+00],
       [ 2.26830e+01,  5.75490e+01, -1.01897e+02, ..., -8.20980e+01,
         1.05410e+01, -1.80220e+01]]), array([[ 4.19500e+00,  9.10170e+01, -1.77480e+01, ...,  1.48330e+01,
         6.60600e+00,  1.79000e-01],
       [ 3.58570e+01, -1.00798e+02, -1.77650e+01, ..., -2.60340e+01,
         1.35000e+01, -1.53100e+00],
       [ 3.03590e+01, -3.53790e+01,  7.95560e+01, ..., -2.09360e+01,
         3.56000e+00,  2.33500e+01],
       ...,
       [ 1.13980e+01,  4.01420e+01, -5.27110e+01, ..., -8.43800e+00,
        -1.48500e+01,  1.47780e+01],
       [ 6.28700e+00,  7.77740e+01, -1.19140e+01, ..., -5.12800e+00,
        -3.20000e-02,  5.63400e+00],
       [ 3.69100e+00,  1.06121e+02, -4.02120e+01, ..., -9.97300e+00,
        -7.24500e+00, -5.75800e+00]]), array([[  0.   , 171.13 ,   9.469, ...,   0.973, -10.64 ,  -7.228],
       [ 41.24 ,   5.263,  94.349, ...,  38.778,  78.533,   2.472],
       [ 49.365, -45.858, 184.189, ...,  -2.726,  46.014,  29.857],
       ...,
       [ 19.132,  34.584, 106.5  , ...,   6.677, -12.416,  11.971],
       [ 16.374,  24.492,  64.179, ...,   5.8  ,  -0.785,  16.644],
       [ 12.707,  70.1  ,  66.974, ..., -14.468,  -1.021,   5.669]]), array([[   1.754,  131.077,  -16.259, ...,   15.942,  -18.95 ,  -10.244],
       [  29.798,   24.429,   -6.03 , ...,    9.223,  -46.29 ,   12.497],
       [  32.241, -117.408,  -52.011, ...,  -11.728,   15.595,   23.917],
       ...,
       [  48.738,   29.413,  -50.078, ...,   -2.556,  -51.141,   -2.24 ],
       [  47.676,   15.535,  -36.536, ...,    3.418,  -27.647,   -0.993],
       [  24.767,   77.455,  -77.754, ...,  -60.673,  -54.645,   -5.902]]), array([[  33.091,  -24.001,  113.706, ...,  106.792,   92.974,   13.389],
       [  44.659,   15.556,   89.988, ...,   -8.177,   25.258,   43.972],
       [  45.233,  -68.135,  111.928, ...,   11.309,    9.864,   23.922],
       ...,
       [  37.241,  -27.828, -111.659, ...,  -11.785,   -3.989,    4.692],
       [  37.01 ,  -72.555,  -84.922, ...,  -10.239,    4.007,    4.66 ],
       [  21.301,   30.436, -153.918, ...,  -65.443,   -0.761,  -36.606]]), array([[ 42.509,  29.797, -45.943, ...,  62.982,  53.026,   3.877],
       [ 47.336,   8.177, -12.783, ...,  13.715,   1.448, -12.617],
       [ 48.818,  46.846,  19.903, ...,   9.786,   8.241,  29.041],
       ...,
       [ 53.349, 154.294,  35.797, ...,  25.578,  -3.746,   5.305],
       [ 51.781, 102.548, -31.22 , ...,  13.629, -16.315,  -4.827],
       [ 45.724, 100.87 ,  -3.387, ...,  -3.508, -12.329,  -6.547]]), array([[ 1.30000e-02,  1.70828e+02,  9.08100e+00, ...,  1.04000e+00,
        -1.07270e+01, -7.02700e+00],
       [ 2.59050e+01,  5.12270e+01,  8.52820e+01, ...,  9.12430e+01,
        -3.57930e+01,  2.38520e+01],
       [ 3.82030e+01, -6.05010e+01, -4.51430e+01, ...,  1.97260e+01,
        -1.36270e+01,  7.49800e+00],
       ...,
       [ 2.84000e+00,  1.20302e+02, -5.27640e+01, ...,  5.77800e+00,
         2.80400e+00, -6.53400e+00],
       [ 2.42300e+00,  1.26078e+02, -2.49650e+01, ..., -3.12000e+00,
         2.89000e-01,  2.11000e+00],
       [ 1.04900e+00,  1.48077e+02, -6.35900e+00, ...,  2.62000e-01,
         2.10300e+00,  1.13200e+00]]), array([[ 29.468,  51.497,   2.781, ...,  46.202,  37.575,   3.992],
       [ 30.284,  51.236,  20.096, ...,  18.649, -11.04 ,   3.482],
       [ 30.339,  52.508,   5.404, ...,   1.349, -10.669,  -4.242],
       ...,
       [ 31.095, -24.034,  46.824, ...,   8.558,   0.754,   7.952],
       [ 32.715, -43.724,  83.666, ...,   6.609,  14.191,   1.148],
       [ 33.472, -38.043,  92.189, ...,   7.23 ,   6.741,   7.203]]), array([[  24.193,  -76.63 ,   54.475, ...,   60.857,   66.982,   18.93 ],
       [  40.437,  -80.742,  104.002, ...,   -0.673,   18.658,   66.086],
       [  43.07 ,  -65.631,   89.922, ...,   -2.069,   25.032,   54.784],
       ...,
       [  52.741,    9.469,   12.795, ...,    5.904,   -7.916,   17.912],
       [  49.818,   -4.538,    2.315, ...,   -3.683,   -6.264,   16.292],
       [  38.36 ,   47.445, -140.548, ...,  -29.313, -154.46 ,   38.116]]), array([[ 44.748,  48.682, 108.3  , ...,  36.329,  34.632, -37.359],
       [ 51.204,  75.319,  91.441, ...,   6.589,  23.763, -13.206],
       [ 50.502,  -5.136,  90.428, ...,  46.759, -23.754,  -7.713],
       ...,
       [ 46.8  ,  60.272,  20.261, ...,  -2.103, -29.009,  19.218],
       [ 39.424,   2.688,  82.069, ...,   0.514,  -5.966, -19.534],
       [ 40.412,  -0.986,  94.59 , ...,   9.067,   1.833, -18.627]]), array([[ 6.49000e-01,  1.58596e+02, -1.53800e+00, ...,  3.27000e+00,
        -9.52600e+00, -3.52700e+00],
       [ 7.29400e+00,  7.11390e+01, -3.76650e+01, ..., -9.33000e-01,
        -7.09700e+00, -1.52700e+00],
       [ 1.14730e+01,  5.36240e+01, -1.75880e+01, ...,  6.74200e+00,
         8.09600e+00, -6.78100e+00],
       ...,
       [ 2.55000e+00,  1.24803e+02, -1.85060e+01, ..., -1.28300e+00,
        -2.00000e+00,  2.08380e+01],
       [ 3.40600e+00,  1.11901e+02, -1.73510e+01, ..., -4.30000e-02,
         8.29600e+00,  1.07520e+01],
       [ 1.10300e+00,  1.49276e+02,  3.72000e-01, ...,  7.14000e-01,
         7.49000e-01, -4.18000e-01]]), array([[ 3.24530e+01, -9.24150e+01, -1.08636e+02, ...,  4.95180e+01,
        -3.77000e-01, -4.42000e-01],
       [ 2.83300e+01, -8.56370e+01,  2.97250e+01, ...,  9.13200e+00,
         6.60600e+00, -6.88500e+00],
       [ 3.21150e+01, -2.20995e+02, -7.38430e+01, ..., -1.31080e+01,
        -2.86630e+01,  7.77300e+00],
       ...,
       [ 1.40400e+01,  2.58914e+02,  8.72630e+01, ..., -1.57040e+01,
        -1.87770e+01, -1.56010e+01],
       [ 8.01000e+00,  2.30559e+02,  6.38330e+01, ...,  1.55300e+00,
        -2.12850e+01, -1.41840e+01],
       [ 2.46200e+00,  1.90101e+02,  2.37680e+01, ...,  2.11000e-01,
        -2.07790e+01, -9.69000e+00]]), array([[ 1.30000e-01,  1.68574e+02,  4.82000e+00, ...,  2.45300e+00,
        -1.21170e+01, -7.54700e+00],
       [ 4.39800e+00,  6.99210e+01, -8.36990e+01, ...,  1.35770e+01,
        -1.85100e+00,  1.34330e+01],
       [ 8.15800e+00, -1.30800e+01, -1.49890e+02, ..., -5.59600e+00,
         2.82400e+00, -1.28000e-01],
       ...,
       [ 4.63770e+01, -6.04710e+01,  5.64960e+01, ...,  9.46000e+00,
         1.17810e+01,  4.06810e+01],
       [ 4.74200e+01, -5.06890e+01,  6.70660e+01, ...,  2.65100e+00,
         1.57310e+01,  1.51300e+01],
       [ 4.24830e+01, -4.57520e+01, -2.00190e+01, ..., -1.93310e+01,
        -6.88200e+01,  2.80270e+01]]), array([[  0.   , 171.13 ,   9.469, ...,   0.973, -10.64 ,  -7.228],
       [  9.199,  96.091,  23.271, ...,  34.187,  -1.818, -33.07 ],
       [ 15.529,  42.505,  73.743, ...,   1.724,   2.052, -27.521],
       ...,
       [ 13.779, -52.625,  -3.568, ...,  10.02 ,  -9.216, -15.336],
       [ 14.469, -10.771, -35.959, ...,   2.143, -14.803,  -2.065],
       [  1.118, 147.982, -10.046, ...,   0.752,  -1.983,  -0.573]]), array([[ 0.0000e+00,  1.7113e+02,  9.4690e+00, ...,  9.7300e-01,
        -1.0640e+01, -7.2280e+00],
       [ 2.5852e+01,  5.2702e+01,  3.7800e+00, ...,  1.3499e+01,
        -1.4372e+01, -2.5000e-02],
       [ 2.8900e+01,  2.2228e+01, -3.9675e+01, ...,  2.3245e+01,
        -4.9202e+01,  1.2541e+01],
       ...,
       [ 3.0165e+01, -5.3106e+01, -2.7552e+01, ..., -4.3309e+01,
         1.5263e+01,  1.4208e+01],
       [ 3.2423e+01,  1.7704e+01, -4.9321e+01, ..., -7.0811e+01,
        -7.0010e+00,  2.7704e+01],
       [ 2.9594e+01, -5.8241e+01, -6.5183e+01, ..., -5.9900e+00,
        -1.5433e+01,  1.5363e+01]]), array([[   7.703,   72.866,   30.919, ...,   43.194,  -24.437,    1.324],
       [  28.585,  -52.825,  -90.366, ...,   11.475,    0.2  ,   13.342],
       [  24.026,  -68.766, -111.677, ...,   20.743,   12.78 ,   19.561],
       ...,
       [   9.208,   92.003,  -53.095, ...,    5.367,  -34.844,   18.829],
       [   6.772,   62.438,  -38.018, ...,   -7.77 ,  -26.211,    0.397],
       [   2.784,  116.101,  -31.449, ...,  -13.301,    4.223,   -6.341]]), array([[ 1.76640e+01, -1.15868e+02, -7.33500e+01, ...,  1.31866e+02,
        -5.02030e+01, -4.50000e-02],
       [ 2.17350e+01, -2.18021e+02, -1.88668e+02, ..., -1.08950e+01,
        -3.82100e+00, -1.55190e+01],
       [ 1.99240e+01, -1.95384e+02, -1.81979e+02, ..., -6.46600e+00,
        -1.77200e+00, -4.11300e+00],
       ...,
       [ 4.36210e+01, -3.65240e+01, -6.23600e+00, ...,  7.56200e+00,
         5.48500e+00,  8.91800e+00],
       [ 3.70450e+01, -1.49940e+01, -1.04385e+02, ..., -2.74050e+01,
        -9.83520e+01,  9.48300e+00],
       [ 3.90800e+00,  1.02891e+02,  7.24600e+00, ..., -1.79220e+01,
        -3.69200e+00,  6.62800e+00]]), array([[   0.   ,  171.13 ,    9.469, ...,    0.973,  -10.64 ,   -7.228],
       [  34.737,  -58.389,   83.813, ...,   51.843,   50.982,   -3.655],
       [  33.965, -115.092,   23.123, ...,  -13.504,  -28.2  ,    4.023],
       ...,
       [  44.712,  -78.643,   15.072, ...,    4.503,  -15.1  ,   13.776],
       [  42.959,  -90.325,    3.894, ...,   -8.714,  -26.77 ,    3.705],
       [  26.17 ,   26.844, -114.717, ...,  -61.151,   31.124,   -8.259]]), array([[   0.   ,  171.13 ,    9.469, ...,    0.973,  -10.64 ,   -7.228],
       [  13.492,   91.36 ,   49.95 , ...,   70.912,   71.247,   12.499],
       [  40.082,  -28.374,  -99.001, ...,   28.933,    8.813,   46.602],
       ...,
       [  15.222,    8.817, -184.967, ...,  -19.773,  -38.376,    9.439],
       [   8.595,  -17.781, -172.398, ...,   13.366,  -17.817,  -17.052],
       [   4.201,   82.163, -106.602, ...,  -18.318,    8.057,  -19.116]]), array([[  0.   , 171.13 ,   9.469, ...,   0.973, -10.64 ,  -7.228],
       [ 31.345,  46.211, -94.844, ...,  88.044,  81.901,   4.342],
       [ 48.361,  84.244,   0.96 , ...,  49.387,  60.262,  -0.531],
       ...,
       [  5.331,  85.036,  17.225, ...,  12.468, -16.173, -10.313],
       [  5.241, 107.675,  27.434, ...,   3.393, -13.989,  -8.419],
       [  2.576, 128.229, -11.817, ...,  -8.611,  -1.254,  -7.116]]), array([[ 0.00000e+00,  1.71130e+02,  9.46900e+00, ...,  9.73000e-01,
        -1.06400e+01, -7.22800e+00],
       [ 1.01700e+01, -3.79100e+00, -3.42240e+01, ...,  5.45720e+01,
         6.81000e-01, -4.53500e+00],
       [ 2.12340e+01, -1.40081e+02, -4.94600e+00, ...,  5.56100e+00,
        -5.40900e+00, -1.95720e+01],
       ...,
       [ 2.57450e+01, -1.03110e+02, -7.00000e-03, ..., -7.26400e+00,
        -3.29270e+01,  2.79820e+01],
       [ 1.85930e+01, -1.38434e+02, -7.19990e+01, ..., -1.31700e+01,
        -5.50800e+00, -1.00150e+01],
       [ 8.60800e+00,  8.40400e+00, -1.02966e+02, ..., -2.81970e+01,
         7.56600e+00, -1.62730e+01]]), array([[   0.   ,  171.13 ,    9.469, ...,    0.973,  -10.64 ,   -7.228],
       [  20.535, -149.32 , -124.777, ...,   47.438,    9.146,    5.31 ],
       [  22.244, -160.597, -111.82 , ...,   23.397,  -10.664,  -13.736],
       ...,
       [   6.515,   87.535,  -38.369, ...,   15.379,   -9.216,    0.722],
       [   5.454,  119.16 ,  -12.243, ...,    3.577,  -20.394,  -19.917],
       [   2.291,  135.012,   -0.66 , ...,    3.31 ,    6.057,   -0.569]]), array([[ 0.00000e+00,  1.71130e+02,  9.46900e+00, ...,  9.73000e-01,
        -1.06400e+01, -7.22800e+00],
       [ 3.48880e+01,  4.87810e+01, -1.16087e+02, ...,  6.00700e+01,
         4.30680e+01,  4.28800e+00],
       [ 4.23640e+01,  2.91370e+01, -7.10900e+00, ...,  5.10000e+01,
         9.50000e-02,  9.37400e+00],
       ...,
       [ 4.67480e+01,  1.45110e+01,  2.65710e+01, ...,  1.53110e+01,
         3.81300e+00, -9.61400e+00],
       [ 4.83110e+01,  4.04650e+01, -1.62520e+01, ...,  2.30770e+01,
         2.14960e+01, -2.39500e+00],
       [ 3.19460e+01,  1.19612e+02, -1.48588e+02, ..., -7.09250e+01,
        -6.70680e+01, -2.11160e+01]]), array([[  12.726,   30.802,  -14.644, ...,   77.075,  -38.066,   -1.243],
       [  37.217,  -50.753,   21.582, ...,   10.542,    5.122,   21.939],
       [  38.211,  -36.521,   25.6  , ...,   -3.676,   12.397,   21.249],
       ...,
       [  12.671,  -67.908, -115.366, ...,   16.769,  -20.444,  -14.133],
       [  11.633,  -57.761, -124.453, ...,    7.405,  -21.711,   -6.28 ],
       [   8.199,    8.097, -149.305, ...,   -6.199,  -19.695,    5.931]]), array([[  39.826,  -78.009,   -1.357, ...,   18.005,   46.08 ,   25.397],
       [  39.952,  -65.638,    8.392, ...,    0.155,    7.391,   25.87 ],
       [  38.568,  -59.389,   29.124, ...,    2.749,   19.917,   22.146],
       ...,
       [  54.5  ,   63.036,   15.516, ...,   13.966,    2.709,   -1.866],
       [  54.324,   52.533,   24.451, ...,    8.71 ,   10.399,   20.738],
       [  33.516,   84.988, -150.543, ...,  -58.65 ,  -76.857,    7.643]]), array([[   0.   ,  171.13 ,    9.469, ...,    0.973,  -10.64 ,   -7.228],
       [  34.402,  -41.848,  -20.918, ...,   95.235,   18.061,  -20.17 ],
       [  33.803, -130.081,  -14.453, ...,  -24.782,   16.519,  -41.532],
       ...,
       [  16.781,   44.198,   -9.935, ...,   -4.308,   12.336,    7.134],
       [   9.353,   37.7  ,  -32.424, ...,   -7.247,  -21.004,  -28.65 ],
       [   5.146,   92.572,  -42.708, ...,   -8.176,   11.216,  -12.641]]), array([[   0.   ,  171.13 ,    9.469, ...,    0.973,  -10.64 ,   -7.228],
       [  13.091, -111.475, -272.012, ...,   63.875,    9.855,    5.963],
       [  15.08 ,  -85.519, -154.921, ...,   28.647,   -6.942,  -32.091],
       ...,
       [   9.752,   57.65 ,   83.477, ...,   -2.89 ,   -6.172,   -4.826],
       [   6.222,   86.216,   58.1  , ...,    2.218,  -10.951,   -8.171],
       [   2.483,  134.978,   23.569, ...,   -3.771,   -4.863,   -8.163]]), array([[   7.78 ,    6.465, -201.749, ...,   50.191,    8.74 ,   -5.048],
       [  22.378, -207.471,  -77.313, ...,  111.206,   29.565,   -1.039],
       [  24.427, -252.66 ,  -81.04 , ...,   10.44 ,    0.753,  -16.115],
       ...,
       [  25.805, -228.656, -115.385, ...,   34.031,   23.64 ,   -3.948],
       [  33.792,  138.483,  -81.746, ...,  -46.886,  -35.848,   15.756],
       [  16.209, -111.319, -166.23 , ...,  -48.652,   16.58 ,  -19.34 ]]), array([[   0.   ,  171.13 ,    9.469, ...,    0.973,  -10.64 ,   -7.228],
       [  35.9  ,  -98.559,   31.711, ...,   61.564,   53.941,   -1.046],
       [  34.055, -137.227,   42.976, ...,  -11.933,  -20.588,    3.63 ],
       ...,
       [  30.501,  -39.181,   15.568, ...,   -0.383,  -31.926,   15.857],
       [  15.385,  -15.414,   -2.39 , ...,   -7.081,  -30.343,   -7.523],
       [   7.814,   71.159,    0.68 , ...,  -37.89 ,   -1.215,  -17.454]]), array([[ 0.0000e+00,  1.7113e+02,  9.4690e+00, ...,  9.7300e-01,
        -1.0640e+01, -7.2280e+00],
       [ 3.3000e+00,  9.8171e+01, -3.2195e+01, ...,  4.3110e+00,
        -1.8520e+00, -9.2000e-02],
       [ 4.0730e+00,  8.4689e+01, -2.8263e+01, ...,  2.9900e+00,
         6.3000e-02,  1.9770e+00],
       ...,
       [ 5.1967e+01,  9.4840e+00,  3.3274e+01, ..., -1.0310e+00,
        -5.3500e+00, -5.1340e+00],
       [ 4.5214e+01, -2.7231e+01, -3.6729e+01, ..., -2.3678e+01,
        -6.5408e+01,  2.2176e+01],
       [ 1.8024e+01, -3.2361e+01, -7.2291e+01, ..., -4.0658e+01,
        -1.9555e+01, -3.1717e+01]]), array([[  7.575, 110.239,  95.803, ...,  31.266, -17.573,   8.447],
       [ 31.63 ,  -5.317, 115.699, ...,  23.764,  52.606,  -2.661],
       [ 24.377, -58.809,  41.036, ..., -13.412, -25.814,   5.772],
       ...,
       [  5.885, 105.882,   4.227, ...,  14.25 , -21.767,  -3.12 ],
       [  3.408, 119.344,  16.184, ...,  20.047, -16.234, -18.314],
       [  1.496, 141.676, -13.056, ...,   7.442,  -6.857, -10.808]]), array([[  27.513,   27.621,  -80.99 , ...,   89.704,  -40.702,   -4.997],
       [  26.923,  117.145,  -85.073, ...,  -33.32 ,   -1.865,   -0.828],
       [  43.099,   13.76 ,   31.222, ...,   -3.447,    9.034,   15.788],
       ...,
       [  35.499, -102.666,   20.93 , ...,    7.035,    3.768,   -1.394],
       [  38.862, -100.494,   73.03 , ...,   13.254,    4.576,  -24.688],
       [  39.569,  -62.68 ,   54.975, ...,    2.915,  -29.853,  -20.553]]), array([[ 24.601,  68.646,  31.708, ...,  77.837,  -5.426,  -1.589],
       [ 29.484,  18.384,  52.949, ...,  28.553,   8.746, -24.672],
       [ 26.989,  25.535, -29.574, ...,  -2.396,  33.322,   4.212],
       ...,
       [ 30.976, -57.675, 100.058, ..., -22.68 ,   2.893,  24.195],
       [ 32.817, -33.688,  41.315, ..., -43.196,  15.556,   8.296],
       [ 31.66 , -94.914,  85.308, ..., -22.426, -16.802,  -0.72 ]]), array([[ 0.00000e+00,  1.71130e+02,  9.46900e+00, ...,  9.73000e-01,
        -1.06400e+01, -7.22800e+00],
       [ 6.23300e+00,  1.72913e+02,  5.47960e+01, ...,  2.65650e+01,
         9.90600e+00, -1.24000e-01],
       [ 1.83410e+01,  2.26655e+02,  5.66920e+01, ...,  3.26100e+00,
        -3.36820e+01,  2.17820e+01],
       ...,
       [ 2.75300e+01, -1.04283e+02,  4.63300e+01, ...,  8.15400e+00,
        -5.13200e+00, -9.62700e+00],
       [ 2.69940e+01, -1.00027e+02,  3.04430e+01, ..., -1.21200e+00,
         1.33400e+00,  2.16200e+00],
       [ 1.87750e+01, -4.01020e+01, -1.08400e+01, ..., -5.43700e+00,
        -5.83520e+01,  5.48000e+00]]), array([[   0.   ,  171.13 ,    9.469, ...,    0.973,  -10.64 ,   -7.228],
       [  39.244,  -66.59 , -125.972, ...,   35.234,   28.217,    3.718],
       [  38.976,  -96.444, -119.196, ...,   13.969,    3.948,    6.804],
       ...,
       [  50.721,    6.257,  -54.421, ...,    7.748,   28.182,    3.368],
       [  45.662,   -8.832, -129.89 , ...,   -9.993,  -75.582,    9.817],
       [  19.064,   -0.708, -239.554, ...,  -29.479,  -38.928,   -8.919]]), array([[ 42.229,  42.342,  69.893, ...,  98.338, 118.595,  -0.575],
       [ 50.868,  44.57 ,  14.514, ...,  16.155,  -3.397,   2.644],
       [ 50.513,  43.122,   2.222, ...,  13.566,   6.265,  -2.716],
       ...,
       [ 25.027,  51.515, 169.311, ...,  -6.481,  13.792, -30.083],
       [ 29.147,  15.399,  95.21 , ...,   8.128,  15.178, -18.635],
       [ 20.119,  55.414,  19.124, ..., -18.552, -15.803, -24.957]])]